TimeElapsed
725
777
782
787
792
797
825
830
835
840
846
851
875
880
885
890
896
901
925
930
936
941
946
974
979
984
990
995
0
24
29
34
39
44
49
74
79
84
90
95
124
130
135
141
174
179
185
190
195
224
229
235
240
274
279
285
290
295
325
330
335
340
345
374
379
384
389
394
399
404
410
415
421
426
431
436
441
447
452
458
463
468
473
478
484
489
494
500
505
510
516
521
526
531
536
542
547
552
558
563
568
574
579
585
589
595
600
606
611
616
622
627
632
638
643
648
654
659
664
670
675
681
686
692
697
702
708
713
718
723
729
734
740
745
749
755
760
765
771
776
781
787
792
797
802
808
813
818
823
829
835
857
862
867
872
877
883
888
893
898
903
908
914
919
924
929
934
939
945
950
956
961
966
972
977
982
987
992
998
24
29
34
39
45
50
55
60
65
70
75
81
86
91
96
101
107
112
117
122
127
132
137
143
148
153
158
163
168
173
178
183
189
194
199
204
210
215
221
226
231
236
241
246
251
257
262
268
273
278
284
289
294
300
305
310
315
320
325
331
336
342
347
352
358
363
368
374
379
384
389
394
400
405
411
416
421
426
432
437
442
447
453
458
464
469
474
479
485
490
495
500
506
511
517
522
527
533
538
543
549
554
559
565
570
575
580
585
590
596
601
607
612
617
622
628
633
639
644
650
655
660
666
671
676
682
687
692
697
703
708
714
719
724
730
735
740
746
751
756
761
791
796
801
806
812
817
823
828
834
839
844
850
855
861
866
871
877
882
888
893
898
903
909
914
919
925
930
936
941
947
952
957
963
968
974
979
984
990
995
0
6
11
16
22
27
32
37
43
48
54
59
65
70
76
81
86
92
97
102
108
113
118
124
129
135
140
145
150
156
161
167
172
177
183
188
193
198
204
209
214
220
225
231
236
241
247
252
258
263
268
274
279
284
289
295
300
306
311
317
322
327
333
338
343
349
354
359
365
370
375
381
386
392
397
403
408
414
419
424
429
458
463
470
475
481
486
491
496
502
507
513
518
524
529
535
540
545
551
556
561
566
572
577
582
588
593
599
604
610
615
620
625
631
636
642
647
653
658
663
669
674
680
685
691
696
702
707
712
717
723
728
734
739
745
750
756
761
766
772
777
782
788
793
798
804
809
815
820
825
831
836
842
847
852
857
863
868
874
879
884
889
894
900
905
910
916
921
926
932
957
963
968
974
979
984
990
995
1
6
11
17
22
28
33
38
43
49
54
59
65
70
75
81
86
92
97
103
108
113
118
124
129
134
140
145
151
156
162
167
172
178
183
188
193
199
204
210
215
220
226
231
237
242
247
252
258
263
268
274
279
285
290
295
300
306
311
316
322
327
333
338
343
349
354
359
365
370
375
381
386
392
397
402
407
412
418
423
428
433
439
444
450
455
461
466
472
477
483
488
493
498
504
509
515
520
525
531
536
542
547
552
558
563
568
574
579
584
590
595
601
624
629
635
640
646
651
657
662
667
673
678
684
689
695
700
705
711
716
721
727
732
737
742
748
753
759
764
769
774
780
785
791
796
801
807
812
817
822
827
833
838
843
849
854
860
865
871
876
881
886
891
897
902
908
913
918
924
929
935
940
946
951
956
962
967
973
978
983
989
994
0
5
11
16
21
27
32
37
43
48
53
59
64
70
75
80
86
91
97
102
124
129
134
140
145
150
155
160
166
171
177
182
187
192
197
202
207
212
217
222
227
232
237
243
248
253
258
263
268
273
278
283
289
294
300
305
310
315
320
325
330
335
341
346
351
356
362
367
372
377
383
388
394
399
404
409
415
420
425
430
436
441
446
452
457
463
468
473
478
484
489
495
500
505
511
516
521
526
532
537
542
547
552
558
563
569
574
580
585
590
595
600
605
610
616
621
626
631
636
642
647
652
657
663
668
673
678
683
688
693
698
703
708
713
718
723
728
733
739
744
749
755
760
765
770
775
780
786
791
797
802
807
813
818
823
829
834
839
844
849
854
860
865
870
875
880
886
891
896
902
907
912
917
923
928
933
938
943
948
953
959
964
969
975
980
985
991
996
1
6
11
16
22
27
32
38
43
48
53
58
64
69
74
79
85
90
95
100
105
110
115
120
126
131
136
141
146
151
157
162
167
173
178
183
188
193
198
203
208
214
219
225
230
235
240
245
251
256
261
266
271
276
281
286
291
296
302
307
313
318
323
328
333
338
343
349
354
359
364
369
374
379
384
389
395
400
405
411
416
422
427
432
438
443
449
454
459
465
470
475
480
486
491
497
502
507
513
518
524
529
534
539
545
550
555
561
566
572
577
583
588
593
598
604
609
615
620
626
631
637
642
647
653
658
664
669
674
680
685
690
696
700
705
711
716
722
727
732
738
743
749
754
759
764
770
775
808
813
818
823
829
834
840
845
850
855
861
866
872
877
882
888
893
898
903
908
914
919
925
930
935
941
946
951
957
962
968
973
978
984
989
995
0
6
11
17
22
27
33
38
43
49
54
60
65
70
75
81
86
92
97
103
108
113
118
124
129
135
140
145
151
156
162
167
172
178
183
188
193
199
204
210
215
221
226
231
236
242
247
252
258
263
268
274
279
285
290
296
301
306
312
317
323
328
334
339
344
350
355
361
366
371
376
382
387
392
397
402
408
413
418
424
429
435
440
445
451
456
461
466
472
477
483
488
493
499
504
509
515
520
525
531
536
542
547
552
558
563
568
574
579
585
590
596
601
606
611
617
622
627
633
638
643
649
654
660
665
671
676
681
687
692
698
703
709
714
720
725
730
736
741
747
752
757
763
768
774
779
784
790
795
801
806
812
817
822
828
833
839
844
849
855
860
866
871
877
882
887
893
898
903
908
914
920
925
931
936
941
974
979
984
989
995
0
6
11
16
22
27
33
38
43
49
54
60
65
70
76
81
86
91
97
102
108
113
118
124
129
135
140
145
151
156
162
167
173
178
183
188
194
199
205
210
216
221
226
232
237
242
248
253
259
264
270
275
280
286
291
296
302
307
313
318
324
329
335
340
345
351
356
361
367
372
378
383
388
394
399
404
409
415
420
425
430
435
440
474
479
484
490
495
500
506
511
516
521
527
532
537
542
548
553
559
564
570
575
580
586
591
597
602
607
613
618
623
629
634
640
645
651
656
661
667
672
678
683
688
694
699
705
710
716
721
726
732
737
743
748
753
759
764
770
775
780
786
791
796
802
807
813
818
824
829
834
840
845
851
856
862
867
872
877
882
888
893
899
904
909
914
920
925
931
936
941
946
952
957
963
968
973
979
984
989
995
0
6
11
17
22
28
33
38
43
48
54
59
65
70
75
81
86
92
97
102
108
113
118
123
128
134
139
144
150
155
160
165
170
175
181
186
191
196
202
207
213
218
223
228
234
239
244
250
255
261
266
272
277
283
288
293
299
304
309
315
320
326
331
337
342
348
353
359
364
369
374
380
385
391
396
401
407
412
417
423
428
434
439
445
450
456
461
466
471
477
482
488
493
498
504
509
514
520
525
530
535
541
546
552
557
562
568
573
579
584
589
595
600
605
610
641
646
651
657
662
667
673
678
684
689
695
700
705
711
716
722
727
732
737
742
748
753
759
764
769
774
780
785
791
796
802
807
812
817
822
828
833
839
844
849
855
861
866
871
877
882
888
893
898
903
909
914
919
924
930
935
940
946
951
957
962
967
973
978
984
989
995
0
5
11
16
21
27
32
38
43
49
54
59
65
70
